+---------+----------+
| c_count | custdist |
+=========+==========+
|       0 |      500 |
|      11 |       70 |
|      10 |       70 |
|       9 |       62 |
|      12 |       61 |
|       8 |       61 |
|      13 |       55 |
|      14 |       52 |
|      20 |       48 |
|      19 |       46 |
|      16 |       44 |
|       7 |       44 |
|      21 |       42 |
|      15 |       42 |
|      18 |       40 |
|      17 |       38 |
|      22 |       35 |
|       6 |       32 |
|      24 |       31 |
|      23 |       30 |
|      25 |       20 |
|      26 |       19 |
|       5 |       15 |
|      27 |       12 |
|      29 |        8 |
|       4 |        8 |
|      28 |        4 |
|      32 |        3 |
|      31 |        3 |
|       3 |        2 |
|       2 |        2 |
|      30 |        1 |
+---------+----------+
32 tuples
+---------+-------+
| rewrite | count |
+=========+=======+
| joinidx |     0 |
+---------+-------+
1 tuple
